ClientID
85       1
130      1
213      1
247      2
314      1
384      2
426      2
525      1
569      1
589      1
666      1
803      1
977      1
1113     1
1156     1
1270     1
1334     1
1377     1
1420     1
1455     1
1557     1
1857     1
2160     2
2206     1
2307     1
2514     1
2553     1
2685     1
2689     1
2853     1
        ..
14071    1
14098    1
14301    1
14663    1
15046    1
15461    3
15667    1
15848    1
16020    1
16038    2
16390    1
16671    3
17641    1
17838    1
17907    1
18098    1
18099    1
18116    1
18177    1
18476    2
18516    1
18566    1
18854    2
18919    2
19083    1
19420    1
19498    1
19507    1
19932    1
20644    1
dtype: int64
